Name:	vis_simv
Umask:	0022
State:	S (sleeping)
Tgid:	6655
Ngid:	0
Pid:	6655
PPid:	6629
TracerPid:	0
Uid:	99538593	99538593	99538593	99538593
Gid:	22	22	22	22
FDSize:	64
Groups:	18 22 2092993 2092995 2092996 2092997 2092998 2092999 2093000 2093002 2093003 2093004 2093005 2093006 2093008 2093009 2093010 2093011 2093012 2093013 2093014 2093015 2093017 2093018 2093019 2093020 2093021 2093022 2274425 2274426 2275003 2275004 2275005 2275006 2275007 2275008 2275009 2275010 2275011 2275012 2275013 2275014 2275015 2275016 2275017 2275018 2275019 2275020 2275021 2275022 2275023 2275024 2275025 2275026 2275027 2275028 2275029 2275030 2275031 2275032 2277446 2277447 2277448 2280935 2294423 2294425 2294426 2296704 2296705 2296706 2296707 2296708 2296709 2296711 2347269 2410174 2410199 2410202 2410212 2410214 2410215 2410218 2410219 2410220 2410221 2516936 75776519 83998742 89927790 89938409 89943721 89949264 91181774 91182143 91182948 91183675 91184086 91203454 91205683 91205918 91206288 91206578 95564287 99421638 99664252 102605818 104965596 104997506 123004176 123004549 123006424 123006641 123006894 123007119 123007787 123007956 123008236 123008387 128147875 129666240 129666427 129666535 129666586 129666679 129666762 131540685 139134588 142930840 159428985 165940744 176913745 215109495 270598704 276773715 282774015 286602176 327392983 487632410 487647987 488796578 563304850 568403140 584274880 847816730 911613520 922486180 936341422 1102869876 
VmPeak:	  242708 kB
VmSize:	  242704 kB
VmLck:	       0 kB
VmPin:	       0 kB
VmHWM:	   55212 kB
VmRSS:	   55212 kB
RssAnon:	   34028 kB
RssFile:	   21184 kB
RssShmem:	       0 kB
VmData:	   33020 kB
VmStk:	     132 kB
VmExe:	     708 kB
VmLib:	   96112 kB
VmPTE:	     448 kB
VmSwap:	       0 kB
Threads:	1
SigQ:	0/63069
SigPnd:	0000000000000000
ShdPnd:	0000000000000000
SigBlk:	0000000000010002
SigIgn:	0000000006000006
SigCgt:	00000001c08a76e9
CapInh:	0000000000000000
CapPrm:	0000000000000000
CapEff:	0000000000000000
CapBnd:	0000001fffffffff
CapAmb:	0000000000000000
Seccomp:	0
Speculation_Store_Bypass:	thread vulnerable
Cpus_allowed:	ffff
Cpus_allowed_list:	0-15
Mems_allowed:	00000000,00000000,00000000,00000000,00000000,00000000,00000000,00000000,00000000,00000000,00000000,00000000,00000000,00000000,00000000,00000000,00000000,00000000,00000000,00000000,00000000,00000000,00000000,00000000,00000000,00000000,00000000,00000000,00000000,00000000,00000000,00000001
Mems_allowed_list:	0
voluntary_ctxt_switches:	10
nonvoluntary_ctxt_switches:	17
